start=1314.398000
volume=130.000000
fullscreen=yes
