start=1342.276000
aid=2
ab-loop-a=2.753000
