start=1313.730000
fullscreen=yes
sub-delay=-0.390011
