start=4.166667
volume=130.000000
gamma=1
saturation=-1
ab-loop-a=4.100000
ab-loop-b=5.066667
