start=1329.096000
fullscreen=yes
brightness=-1
sub-delay=-1.489997
