start=69.867946
pause=yes
ab-loop-a=5.241823
